8.400000
12.960000
16.080000
21.720000
23.600000
25.760000
27.840000
32.240000
42.040000
43.720000
52.040000
56.200000
64.960000
70.240000
73.160000
75.760000
79.160000
89.160000
98.680000
101.400000
108.320000
113.120000
114.600000
115.600000
118.520000
120.320000
121.840000
128.440000
130.040000
132.800000
138.240000
141.640000
144.480000
146.960000
148.000000
149.200000
152.120000
156.480000
158.200000
159.760000
161.160000
163.920000
166.080000
172.800000
176.080000
178.560000
182.200000
184.760000
194.360000
195.800000
203.040000
204.320000
205.960000
207.640000
209.320000
210.960000
213.480000
215.120000
216.800000
218.480000
222.640000
228.240000
230.200000
232.000000
233.680000
237.000000
244.520000
247.840000
249.440000
251.520000
252.600000
257.520000
260.600000
264.800000
266.720000
269.520000
271.520000
274.480000
276.000000
